0000101000000110101101
001000000000001000
001000010000100001101000
001001110000100011111101
00101000000010101011001011
00101001000010101101001100
00101011000011011011001101010
0010110000000110100101
001011010000100001101010
001011100000100010011010
00111010000010101101001101
00111011000010101101001110
00111111000010101111110011
010000010000100010011011
01000010000011011011001101011
010000110000101110110011011
0100010000001001011010111
0100010100001001011010010
0100011000001100101100101010
010001110000101101101011010
01001000000010101001100010
010010010000100010011001
0100101100001100101100101011
01001100000010101001100011
010011010000101101101011011
01001110000010101001100000
0100111100001001011010011
010100000000101101101011000
0101001000001001101100100
01010011000010101101001111
0101010000001001101100111
010101010000101101101011001
010101100000101110110011000
01010111000010101111110010
010110010000101110110011001
01011010000011011011001101000
0110000000001001111111000
01100001000001001000
01100010000001111111111
0110001100000110011011
011001000000010110100
01100101000001001110
0110011000000110100100
0110011100000110100111
01101000000001000101
011010010000010111110
01101010000010101001100001
01101011000001111011000
011011000000010110101
0110110100000110011000
01101110000001000100
01101111000001000111
01110000000001111101000
0111000100001100101100101000
011100100000010110111
011100110000010111011
01110100000001001100
0111010100000110110101
011101100000100011010010
0111011100000110111110
0111100000001100101100101001
0111100100000110011001
01111010000011011011001101001
